275.000 85.200
341.000 85.200
400.000 86.200
464.000 85.200
532.000 81.200
602.000 80.200
683.000 82.200
775.000 80.200
858.000 82.200
932.000 84.200
936.000 143.200
943.000 201.200
951.000 267.200
953.000 326.200
955.000 379.200
957.000 428.200
960.000 481.200
960.000 547.200
961.000 601.200
963.000 658.200
892.000 663.200
839.000 667.200
783.000 672.200
723.000 678.200
676.000 675.200
622.000 677.200
559.000 682.200
496.000 684.200
492.000 633.200
491.000 580.200
487.000 527.200
483.000 474.200
480.000 413.200
476.000 347.200
471.000 280.200
418.000 278.200
372.000 278.200
315.000 275.200
223.000 271.200
252.000 167.200