370.000 87.200
456.000 103.200
536.000 118.200
632.000 135.200
723.000 152.200
820.000 172.200
927.000 195.200
862.000 259.200
815.000 310.200
773.000 353.200
805.000 426.200
841.000 515.200
871.000 588.200
900.000 663.200
873.000 700.200
843.000 746.200
807.000 798.200
760.000 859.200
664.000 842.200
587.000 828.200
513.000 814.200
441.000 801.200
344.000 781.200
267.000 763.200
237.000 673.200
210.000 595.200
186.000 527.200
159.000 448.200
234.000 452.200
307.000 456.200
372.000 458.200
456.000 458.200
436.000 406.200
412.000 347.200
385.000 284.200
360.000 222.200
328.000 137.200
301.000 70.200